{
 "cells": [
  {
   "cell_type": "markdown",
   "metadata": {},
   "source": [
    "## import modules"
   ]
  },
  {
   "cell_type": "code",
   "execution_count": 1,
   "metadata": {},
   "outputs": [],
   "source": [
    "from dataset_preparation import create_distnce_matrix\n",
    "from optimizer import run_algorithm\n",
    "import matplotlib.pyplot as plt"
   ]
  },
  {
   "cell_type": "markdown",
   "metadata": {},
   "source": [
    "## data preparation"
   ]
  },
  {
   "cell_type": "code",
   "execution_count": 2,
   "metadata": {},
   "outputs": [
    {
     "name": "stdout",
     "output_type": "stream",
     "text": [
      "city positions:\n",
      "[(54, 67), (54, 62), (37, 84), (41, 94), (2, 99), (7, 64), (25, 62), (22, 60), (18, 54), (4, 50), (13, 40), (18, 40), (24, 42), (25, 38), (44, 35), (41, 26), (45, 21), (58, 35), (62, 32), (82, 7), (91, 38), (83, 46), (71, 44), (64, 60), (68, 58), (83, 69), (87, 76), (74, 78), (71, 71), (58, 69)]\n",
      "\n",
      "Distance Matrix:\n",
      "[[0.0, 5.0, 24.041630560342615, 29.966648127543394, 61.05735008989499, 47.095647357266465, 29.427877939124322, 32.7566787083184, 38.27531841800928, 52.81098370604357, 49.09175083453431, 45.0, 39.05124837953327, 41.012193308819754, 33.52610922848042, 43.01162633521314, 46.87216658103186, 32.2490309931942, 35.90264614203248, 66.2117814289874, 47.01063709417264, 35.805027579936315, 28.600699292150182, 12.206555615733702, 16.64331697709324, 29.068883707497267, 34.20526275297414, 22.825424421026653, 17.46424919657298, 4.47213595499958], [5.0, 0.0, 27.80287754891569, 34.539832078341085, 63.8200595424354, 47.042533945356304, 29.0, 32.0624390837628, 36.87817782917155, 51.419840528729765, 46.52956049652737, 42.190046219457976, 36.05551275463989, 37.64306044943742, 28.792360097775937, 38.27531841800928, 41.97618372363071, 27.294688127912362, 31.04834939252005, 61.71709649683789, 44.10215414239989, 33.12099032335839, 24.758836806279895, 10.198039027185569, 14.560219778561036, 29.832867780352597, 35.84689665786984, 25.612496949731394, 19.235384061671343, 8.06225774829855], [24.041630560342615, 27.80287754891569, 0.0, 10.770329614269007, 38.07886552931954, 36.05551275463989, 25.059928172283335, 28.30194339616981, 35.510561809129406, 47.38143096192854, 50.11985634456667, 47.92702786528704, 43.965895873961216, 47.53945729601885, 49.49747468305833, 58.137767414994535, 63.50590523722971, 53.31041174104736, 57.697486947006624, 89.1852005660132, 70.9365914038728, 59.665735560705194, 52.49761899362675, 36.124783736376884, 40.45985664828782, 48.38388161361178, 50.635955604688654, 37.48332962798263, 36.40054944640259, 25.80697580112788], [29.966648127543394, 34.539832078341085, 10.770329614269007, 0.0, 39.319206502675, 45.34313619501854, 35.77708763999664, 38.948684188300895, 46.14108798023731, 57.48912940721924, 60.8276253029822, 58.69412236331676, 54.70831746635972, 58.240879114244144, 59.07622195096772, 68.0, 73.10950690573696, 61.40032573203501, 65.45991139621256, 96.17692030835673, 75.07329751649384, 63.7808748764079, 58.309518948453004, 41.048751503547585, 45.0, 48.877397639399746, 49.39635614091387, 36.6742416417845, 37.8021163428716, 30.23243291566195], [61.05735008989499, 63.8200595424354, 38.07886552931954, 39.319206502675, 0.0, 35.35533905932738, 43.56604182158393, 43.829214001622255, 47.75981574503821, 49.040799340956916, 60.01666435249463, 61.1310068623117, 61.09828148156051, 65.19202405202648, 76.55063683601855, 82.76472678623425, 89.06739021662193, 85.0411665018772, 89.9388681271896, 121.91800523302537, 107.89810007595129, 96.79876032264049, 88.23831367382311, 73.24616030891995, 77.69813382572325, 86.37708029332781, 88.05679985100527, 75.0, 74.46475676452586, 63.52952069707436], [47.095647357266465, 47.042533945356304, 36.05551275463989, 45.34313619501854, 35.35533905932738, 0.0, 18.110770276274835, 15.524174696260024, 14.866068747318506, 14.317821063276353, 24.73863375370596, 26.40075756488817, 27.80287754891569, 31.622776601683793, 47.01063709417264, 50.99019513592785, 57.38466694161429, 58.66856057549052, 63.631753079732135, 94.2019108086455, 87.93179174792243, 78.10249675906654, 67.05221845696084, 57.14017850864661, 61.29437168288782, 76.16429609731846, 80.89499366462674, 68.4470598345904, 64.38167441127949, 51.24451190127583], [29.427877939124322, 29.0, 25.059928172283335, 35.77708763999664, 43.56604182158393, 18.110770276274835, 0.0, 3.605551275463989, 10.63014581273465, 24.186773244895647, 25.059928172283335, 23.08679276123039, 20.024984394500787, 24.0, 33.015148038438355, 39.395431207184416, 45.617978911828175, 42.638011210655684, 47.634021455258214, 79.20858539325141, 70.22819946431775, 60.166435825965294, 49.39635614091387, 39.05124837953327, 43.18564576337837, 58.42088667591412, 63.56099432828282, 51.54609587543949, 46.87216658103186, 33.734255586866], [32.7566787083184, 32.0624390837628, 28.30194339616981, 38.948684188300895, 43.829214001622255, 15.524174696260024, 3.605551275463989, 0.0, 7.211102550927978, 20.591260281974, 21.93171219946131, 20.396078054371138, 18.110770276274835, 22.20360331117452, 33.301651610693426, 38.948684188300895, 45.27692569068709, 43.829214001622255, 48.82622246293481, 80.05623023850174, 72.42237223399962, 62.5859409132754, 51.54609587543949, 42.0, 46.04345773288535, 61.66036003787198, 66.94027188471824, 55.02726596879042, 50.21951811795888, 37.107950630558946], [38.27531841800928, 36.87817782917155, 35.510561809129406, 46.14108798023731, 47.75981574503821, 14.866068747318506, 10.63014581273465, 7.211102550927978, 0.0, 14.560219778561036, 14.866068747318506, 14.0, 13.416407864998739, 17.46424919657298, 32.202484376209235, 36.235341863986875, 42.638011210655684, 44.28317965096906, 49.193495504995376, 79.40403012442127, 74.73285756613352, 65.49045732013177, 53.9351462406472, 46.389654018972806, 50.15974481593781, 66.70832032063167, 72.42237223399962, 60.92618484691127, 55.65968020030299, 42.720018726587654], [52.81098370604357, 51.419840528729765, 47.38143096192854, 57.48912940721924, 49.040799340956916, 14.317821063276353, 24.186773244895647, 20.591260281974, 14.560219778561036, 0.0, 13.45362404707371, 17.204650534085253, 21.540659228538015, 24.186773244895647, 42.720018726587654, 44.10215414239989, 50.21951811795888, 56.04462507680822, 60.728905802755904, 89.06739021662193, 87.82368700982668, 79.1012010022604, 67.26812023536856, 60.8276253029822, 64.4980619863884, 81.25269226308751, 86.97700845625813, 75.39230729988306, 70.21395872616783, 57.245087125446844], [49.09175083453431, 46.52956049652737, 50.11985634456667, 60.8276253029822, 60.01666435249463, 24.73863375370596, 25.059928172283335, 21.93171219946131, 14.866068747318506, 13.45362404707371, 0.0, 5.0, 11.180339887498949, 12.165525060596439, 31.400636936215164, 31.304951684997057, 37.21558813185679, 45.27692569068709, 49.64876634922564, 76.48529270389177, 78.02563681252464, 70.25667228100119, 58.137767414994535, 54.78138369920935, 57.87054518492115, 75.76938695805846, 82.29216244576394, 71.8679344353238, 65.76473218982953, 53.53503525729669], [45.0, 42.190046219457976, 47.92702786528704, 58.69412236331676, 61.1310068623117, 26.40075756488817, 23.08679276123039, 20.396078054371138, 14.0, 17.204650534085253, 5.0, 0.0, 6.324555320336759, 7.280109889280518, 26.476404589747453, 26.92582403567252, 33.015148038438355, 40.311288741492746, 44.721359549995796, 72.00694410957877, 73.02739212103907, 65.27633568147036, 53.150729063673246, 50.15974481593781, 53.14132102234569, 71.17583859709698, 77.82673062643708, 67.67569726275453, 61.40032573203501, 49.4064773081425], [39.05124837953327, 36.05551275463989, 43.965895873961216, 54.70831746635972, 61.09828148156051, 27.80287754891569, 20.024984394500787, 18.110770276274835, 13.416407864998739, 21.540659228538015, 11.180339887498949, 6.324555320336759, 0.0, 4.123105625617661, 21.18962010041709, 23.345235059857504, 29.698484809834994, 34.713109915419565, 39.293765408777, 67.7421582177598, 67.11929677819934, 59.135437767890075, 47.042533945356304, 43.86342439892262, 46.8187996428785, 64.88451279003334, 71.58910531638176, 61.61168720299745, 55.226805085936306, 43.41658669218482], [41.012193308819754, 37.64306044943742, 47.53945729601885, 58.240879114244144, 65.19202405202648, 31.622776601683793, 24.0, 22.20360331117452, 17.46424919657298, 24.186773244895647, 12.165525060596439, 7.280109889280518, 4.123105625617661, 0.0, 19.235384061671343, 20.0, 26.248809496813376, 33.13608305156178, 37.48332962798263, 64.88451279003334, 66.0, 58.54912467321779, 46.389654018972806, 44.77722635447622, 47.4236228055175, 65.76473218982953, 72.71863585079137, 63.25345840347388, 56.61271941887264, 45.27692569068709], [33.52610922848042, 28.792360097775937, 49.49747468305833, 59.07622195096772, 76.55063683601855, 47.01063709417264, 33.015148038438355, 33.301651610693426, 32.202484376209235, 42.720018726587654, 31.400636936215164, 26.476404589747453, 21.18962010041709, 19.235384061671343, 0.0, 9.486832980505138, 14.035668847618199, 14.0, 18.24828759089466, 47.20169488482379, 47.095647357266465, 40.52159917870962, 28.460498941515414, 32.01562118716424, 33.24154027718932, 51.73973328110612, 59.413803110051795, 52.43090691567332, 45.0, 36.76955262170047], [43.01162633521314, 38.27531841800928, 58.137767414994535, 68.0, 82.76472678623425, 50.99019513592785, 39.395431207184416, 38.948684188300895, 36.235341863986875, 44.10215414239989, 31.304951684997057, 26.92582403567252, 23.345235059857504, 20.0, 9.486832980505138, 0.0, 6.4031242374328485, 19.235384061671343, 21.840329667841555, 45.18849411078001, 51.419840528729765, 46.51881339845203, 34.9857113690718, 41.048751503547585, 41.86884283091664, 60.108235708594876, 67.94115100585212, 61.587336360651285, 54.08326913195984, 46.238512086787566], [46.87216658103186, 41.97618372363071, 63.50590523722971, 73.10950690573696, 89.06739021662193, 57.38466694161429, 45.617978911828175, 45.27692569068709, 42.638011210655684, 50.21951811795888, 37.21558813185679, 33.015148038438355, 29.698484809834994, 26.248809496813376, 14.035668847618199, 6.4031242374328485, 0.0, 19.1049731745428, 20.248456731316587, 39.56008088970496, 49.040799340956916, 45.48626166217664, 34.713109915419565, 43.382023926967726, 43.56604182158393, 61.220911460055866, 69.20260110718382, 63.953107821277925, 56.356011214421486, 49.72926703662542], [32.2490309931942, 27.294688127912362, 53.31041174104736, 61.40032573203501, 85.0411665018772, 58.66856057549052, 42.638011210655684, 43.829214001622255, 44.28317965096906, 56.04462507680822, 45.27692569068709, 40.311288741492746, 34.713109915419565, 33.13608305156178, 14.0, 19.235384061671343, 19.1049731745428, 0.0, 5.0, 36.87817782917155, 33.13608305156178, 27.313000567495326, 15.811388300841896, 25.709920264364882, 25.079872407968907, 42.20189569201838, 50.21951811795888, 45.880278987817846, 38.27531841800928, 34.0], [35.90264614203248, 31.04834939252005, 57.697486947006624, 65.45991139621256, 89.9388681271896, 63.631753079732135, 47.634021455258214, 48.82622246293481, 49.193495504995376, 60.728905802755904, 49.64876634922564, 44.721359549995796, 39.293765408777, 37.48332962798263, 18.24828759089466, 21.840329667841555, 20.248456731316587, 5.0, 0.0, 32.01562118716424, 29.614185789921695, 25.238858928247925, 15.0, 28.071337695236398, 26.68332812825267, 42.5440947723653, 50.60632371551998, 47.53945729601885, 40.024992192379, 37.21558813185679], [66.2117814289874, 61.71709649683789, 89.1852005660132, 96.17692030835673, 121.91800523302537, 94.2019108086455, 79.20858539325141, 80.05623023850174, 79.40403012442127, 89.06739021662193, 76.48529270389177, 72.00694410957877, 67.7421582177598, 64.88451279003334, 47.20169488482379, 45.18849411078001, 39.56008088970496, 36.87817782917155, 32.01562118716424, 0.0, 32.28002478313795, 39.01281840626232, 38.600518131237564, 55.97320787662612, 52.88667128870941, 62.00806399170998, 69.18092222571191, 71.449282711585, 64.93843238021688, 66.48308055437865], [47.01063709417264, 44.10215414239989, 70.9365914038728, 75.07329751649384, 107.89810007595129, 87.93179174792243, 70.22819946431775, 72.42237223399962, 74.73285756613352, 87.82368700982668, 78.02563681252464, 73.02739212103907, 67.11929677819934, 66.0, 47.095647357266465, 51.419840528729765, 49.040799340956916, 33.13608305156178, 29.614185789921695, 32.28002478313795, 0.0, 11.313708498984761, 20.8806130178211, 34.828149534535996, 30.479501308256342, 32.01562118716424, 38.2099463490856, 43.46262762420146, 38.58756276314948, 45.27692569068709], [35.805027579936315, 33.12099032335839, 59.665735560705194, 63.7808748764079, 96.79876032264049, 78.10249675906654, 60.166435825965294, 62.5859409132754, 65.49045732013177, 79.1012010022604, 70.25667228100119, 65.27633568147036, 59.135437767890075, 58.54912467321779, 40.52159917870962, 46.51881339845203, 45.48626166217664, 27.313000567495326, 25.238858928247925, 39.01281840626232, 11.313708498984761, 0.0, 12.165525060596439, 23.600847442411894, 19.209372712298546, 23.0, 30.265491900843113, 33.24154027718932, 27.730849247724095, 33.97057550292606], [28.600699292150182, 24.758836806279895, 52.49761899362675, 58.309518948453004, 88.23831367382311, 67.05221845696084, 49.39635614091387, 51.54609587543949, 53.9351462406472, 67.26812023536856, 58.137767414994535, 53.150729063673246, 47.042533945356304, 46.389654018972806, 28.460498941515414, 34.9857113690718, 34.713109915419565, 15.811388300841896, 15.0, 38.600518131237564, 20.8806130178211, 12.165525060596439, 0.0, 17.46424919657298, 14.317821063276353, 27.730849247724095, 35.77708763999664, 34.132096331752024, 27.0, 28.178005607210743], [12.206555615733702, 10.198039027185569, 36.124783736376884, 41.048751503547585, 73.24616030891995, 57.14017850864661, 39.05124837953327, 42.0, 46.389654018972806, 60.8276253029822, 54.78138369920935, 50.15974481593781, 43.86342439892262, 44.77722635447622, 32.01562118716424, 41.048751503547585, 43.382023926967726, 25.709920264364882, 28.071337695236398, 55.97320787662612, 34.828149534535996, 23.600847442411894, 17.46424919657298, 0.0, 4.47213595499958, 21.02379604162864, 28.0178514522438, 20.591260281974, 13.038404810405298, 10.816653826391969], [16.64331697709324, 14.560219778561036, 40.45985664828782, 45.0, 77.69813382572325, 61.29437168288782, 43.18564576337837, 46.04345773288535, 50.15974481593781, 64.4980619863884, 57.87054518492115, 53.14132102234569, 46.8187996428785, 47.4236228055175, 33.24154027718932, 41.86884283091664, 43.56604182158393, 25.079872407968907, 26.68332812825267, 52.88667128870941, 30.479501308256342, 19.209372712298546, 14.317821063276353, 4.47213595499958, 0.0, 18.601075237738275, 26.1725046566048, 20.8806130178211, 13.341664064126334, 14.866068747318506], [29.068883707497267, 29.832867780352597, 48.38388161361178, 48.877397639399746, 86.37708029332781, 76.16429609731846, 58.42088667591412, 61.66036003787198, 66.70832032063167, 81.25269226308751, 75.76938695805846, 71.17583859709698, 64.88451279003334, 65.76473218982953, 51.73973328110612, 60.108235708594876, 61.220911460055866, 42.20189569201838, 42.5440947723653, 62.00806399170998, 32.01562118716424, 23.0, 27.730849247724095, 21.02379604162864, 18.601075237738275, 0.0, 8.06225774829855, 12.727922061357855, 12.165525060596439, 25.0], [34.20526275297414, 35.84689665786984, 50.635955604688654, 49.39635614091387, 88.05679985100527, 80.89499366462674, 63.56099432828282, 66.94027188471824, 72.42237223399962, 86.97700845625813, 82.29216244576394, 77.82673062643708, 71.58910531638176, 72.71863585079137, 59.413803110051795, 67.94115100585212, 69.20260110718382, 50.21951811795888, 50.60632371551998, 69.18092222571191, 38.2099463490856, 30.265491900843113, 35.77708763999664, 28.0178514522438, 26.1725046566048, 8.06225774829855, 0.0, 13.152946437965905, 16.76305461424021, 29.832867780352597], [22.825424421026653, 25.612496949731394, 37.48332962798263, 36.6742416417845, 75.0, 68.4470598345904, 51.54609587543949, 55.02726596879042, 60.92618484691127, 75.39230729988306, 71.8679344353238, 67.67569726275453, 61.61168720299745, 63.25345840347388, 52.43090691567332, 61.587336360651285, 63.953107821277925, 45.880278987817846, 47.53945729601885, 71.449282711585, 43.46262762420146, 33.24154027718932, 34.132096331752024, 20.591260281974, 20.8806130178211, 12.727922061357855, 13.152946437965905, 0.0, 7.615773105863909, 18.35755975068582], [17.46424919657298, 19.235384061671343, 36.40054944640259, 37.8021163428716, 74.46475676452586, 64.38167441127949, 46.87216658103186, 50.21951811795888, 55.65968020030299, 70.21395872616783, 65.76473218982953, 61.40032573203501, 55.226805085936306, 56.61271941887264, 45.0, 54.08326913195984, 56.356011214421486, 38.27531841800928, 40.024992192379, 64.93843238021688, 38.58756276314948, 27.730849247724095, 27.0, 13.038404810405298, 13.341664064126334, 12.165525060596439, 16.76305461424021, 7.615773105863909, 0.0, 13.152946437965905], [4.47213595499958, 8.06225774829855, 25.80697580112788, 30.23243291566195, 63.52952069707436, 51.24451190127583, 33.734255586866, 37.107950630558946, 42.720018726587654, 57.245087125446844, 53.53503525729669, 49.4064773081425, 43.41658669218482, 45.27692569068709, 36.76955262170047, 46.238512086787566, 49.72926703662542, 34.0, 37.21558813185679, 66.48308055437865, 45.27692569068709, 33.97057550292606, 28.178005607210743, 10.816653826391969, 14.866068747318506, 25.0, 29.832867780352597, 18.35755975068582, 13.152946437965905, 0.0]]\n",
      "[[0.0, 5.0, 24.041630560342615, 29.966648127543394, 61.05735008989499, 47.095647357266465, 29.427877939124322, 32.7566787083184, 38.27531841800928, 52.81098370604357, 49.09175083453431, 45.0, 39.05124837953327, 41.012193308819754, 33.52610922848042, 43.01162633521314, 46.87216658103186, 32.2490309931942, 35.90264614203248, 66.2117814289874, 47.01063709417264, 35.805027579936315, 28.600699292150182, 12.206555615733702, 16.64331697709324, 29.068883707497267, 34.20526275297414, 22.825424421026653, 17.46424919657298, 4.47213595499958], [5.0, 0.0, 27.80287754891569, 34.539832078341085, 63.8200595424354, 47.042533945356304, 29.0, 32.0624390837628, 36.87817782917155, 51.419840528729765, 46.52956049652737, 42.190046219457976, 36.05551275463989, 37.64306044943742, 28.792360097775937, 38.27531841800928, 41.97618372363071, 27.294688127912362, 31.04834939252005, 61.71709649683789, 44.10215414239989, 33.12099032335839, 24.758836806279895, 10.198039027185569, 14.560219778561036, 29.832867780352597, 35.84689665786984, 25.612496949731394, 19.235384061671343, 8.06225774829855], [24.041630560342615, 27.80287754891569, 0.0, 10.770329614269007, 38.07886552931954, 36.05551275463989, 25.059928172283335, 28.30194339616981, 35.510561809129406, 47.38143096192854, 50.11985634456667, 47.92702786528704, 43.965895873961216, 47.53945729601885, 49.49747468305833, 58.137767414994535, 63.50590523722971, 53.31041174104736, 57.697486947006624, 89.1852005660132, 70.9365914038728, 59.665735560705194, 52.49761899362675, 36.124783736376884, 40.45985664828782, 48.38388161361178, 50.635955604688654, 37.48332962798263, 36.40054944640259, 25.80697580112788], [29.966648127543394, 34.539832078341085, 10.770329614269007, 0.0, 39.319206502675, 45.34313619501854, 35.77708763999664, 38.948684188300895, 46.14108798023731, 57.48912940721924, 60.8276253029822, 58.69412236331676, 54.70831746635972, 58.240879114244144, 59.07622195096772, 68.0, 73.10950690573696, 61.40032573203501, 65.45991139621256, 96.17692030835673, 75.07329751649384, 63.7808748764079, 58.309518948453004, 41.048751503547585, 45.0, 48.877397639399746, 49.39635614091387, 36.6742416417845, 37.8021163428716, 30.23243291566195], [61.05735008989499, 63.8200595424354, 38.07886552931954, 39.319206502675, 0.0, 35.35533905932738, 43.56604182158393, 43.829214001622255, 47.75981574503821, 49.040799340956916, 60.01666435249463, 61.1310068623117, 61.09828148156051, 65.19202405202648, 76.55063683601855, 82.76472678623425, 89.06739021662193, 85.0411665018772, 89.9388681271896, 121.91800523302537, 107.89810007595129, 96.79876032264049, 88.23831367382311, 73.24616030891995, 77.69813382572325, 86.37708029332781, 88.05679985100527, 75.0, 74.46475676452586, 63.52952069707436], [47.095647357266465, 47.042533945356304, 36.05551275463989, 45.34313619501854, 35.35533905932738, 0.0, 18.110770276274835, 15.524174696260024, 14.866068747318506, 14.317821063276353, 24.73863375370596, 26.40075756488817, 27.80287754891569, 31.622776601683793, 47.01063709417264, 50.99019513592785, 57.38466694161429, 58.66856057549052, 63.631753079732135, 94.2019108086455, 87.93179174792243, 78.10249675906654, 67.05221845696084, 57.14017850864661, 61.29437168288782, 76.16429609731846, 80.89499366462674, 68.4470598345904, 64.38167441127949, 51.24451190127583], [29.427877939124322, 29.0, 25.059928172283335, 35.77708763999664, 43.56604182158393, 18.110770276274835, 0.0, 3.605551275463989, 10.63014581273465, 24.186773244895647, 25.059928172283335, 23.08679276123039, 20.024984394500787, 24.0, 33.015148038438355, 39.395431207184416, 45.617978911828175, 42.638011210655684, 47.634021455258214, 79.20858539325141, 70.22819946431775, 60.166435825965294, 49.39635614091387, 39.05124837953327, 43.18564576337837, 58.42088667591412, 63.56099432828282, 51.54609587543949, 46.87216658103186, 33.734255586866], [32.7566787083184, 32.0624390837628, 28.30194339616981, 38.948684188300895, 43.829214001622255, 15.524174696260024, 3.605551275463989, 0.0, 7.211102550927978, 20.591260281974, 21.93171219946131, 20.396078054371138, 18.110770276274835, 22.20360331117452, 33.301651610693426, 38.948684188300895, 45.27692569068709, 43.829214001622255, 48.82622246293481, 80.05623023850174, 72.42237223399962, 62.5859409132754, 51.54609587543949, 42.0, 46.04345773288535, 61.66036003787198, 66.94027188471824, 55.02726596879042, 50.21951811795888, 37.107950630558946], [38.27531841800928, 36.87817782917155, 35.510561809129406, 46.14108798023731, 47.75981574503821, 14.866068747318506, 10.63014581273465, 7.211102550927978, 0.0, 14.560219778561036, 14.866068747318506, 14.0, 13.416407864998739, 17.46424919657298, 32.202484376209235, 36.235341863986875, 42.638011210655684, 44.28317965096906, 49.193495504995376, 79.40403012442127, 74.73285756613352, 65.49045732013177, 53.9351462406472, 46.389654018972806, 50.15974481593781, 66.70832032063167, 72.42237223399962, 60.92618484691127, 55.65968020030299, 42.720018726587654], [52.81098370604357, 51.419840528729765, 47.38143096192854, 57.48912940721924, 49.040799340956916, 14.317821063276353, 24.186773244895647, 20.591260281974, 14.560219778561036, 0.0, 13.45362404707371, 17.204650534085253, 21.540659228538015, 24.186773244895647, 42.720018726587654, 44.10215414239989, 50.21951811795888, 56.04462507680822, 60.728905802755904, 89.06739021662193, 87.82368700982668, 79.1012010022604, 67.26812023536856, 60.8276253029822, 64.4980619863884, 81.25269226308751, 86.97700845625813, 75.39230729988306, 70.21395872616783, 57.245087125446844], [49.09175083453431, 46.52956049652737, 50.11985634456667, 60.8276253029822, 60.01666435249463, 24.73863375370596, 25.059928172283335, 21.93171219946131, 14.866068747318506, 13.45362404707371, 0.0, 5.0, 11.180339887498949, 12.165525060596439, 31.400636936215164, 31.304951684997057, 37.21558813185679, 45.27692569068709, 49.64876634922564, 76.48529270389177, 78.02563681252464, 70.25667228100119, 58.137767414994535, 54.78138369920935, 57.87054518492115, 75.76938695805846, 82.29216244576394, 71.8679344353238, 65.76473218982953, 53.53503525729669], [45.0, 42.190046219457976, 47.92702786528704, 58.69412236331676, 61.1310068623117, 26.40075756488817, 23.08679276123039, 20.396078054371138, 14.0, 17.204650534085253, 5.0, 0.0, 6.324555320336759, 7.280109889280518, 26.476404589747453, 26.92582403567252, 33.015148038438355, 40.311288741492746, 44.721359549995796, 72.00694410957877, 73.02739212103907, 65.27633568147036, 53.150729063673246, 50.15974481593781, 53.14132102234569, 71.17583859709698, 77.82673062643708, 67.67569726275453, 61.40032573203501, 49.4064773081425], [39.05124837953327, 36.05551275463989, 43.965895873961216, 54.70831746635972, 61.09828148156051, 27.80287754891569, 20.024984394500787, 18.110770276274835, 13.416407864998739, 21.540659228538015, 11.180339887498949, 6.324555320336759, 0.0, 4.123105625617661, 21.18962010041709, 23.345235059857504, 29.698484809834994, 34.713109915419565, 39.293765408777, 67.7421582177598, 67.11929677819934, 59.135437767890075, 47.042533945356304, 43.86342439892262, 46.8187996428785, 64.88451279003334, 71.58910531638176, 61.61168720299745, 55.226805085936306, 43.41658669218482], [41.012193308819754, 37.64306044943742, 47.53945729601885, 58.240879114244144, 65.19202405202648, 31.622776601683793, 24.0, 22.20360331117452, 17.46424919657298, 24.186773244895647, 12.165525060596439, 7.280109889280518, 4.123105625617661, 0.0, 19.235384061671343, 20.0, 26.248809496813376, 33.13608305156178, 37.48332962798263, 64.88451279003334, 66.0, 58.54912467321779, 46.389654018972806, 44.77722635447622, 47.4236228055175, 65.76473218982953, 72.71863585079137, 63.25345840347388, 56.61271941887264, 45.27692569068709], [33.52610922848042, 28.792360097775937, 49.49747468305833, 59.07622195096772, 76.55063683601855, 47.01063709417264, 33.015148038438355, 33.301651610693426, 32.202484376209235, 42.720018726587654, 31.400636936215164, 26.476404589747453, 21.18962010041709, 19.235384061671343, 0.0, 9.486832980505138, 14.035668847618199, 14.0, 18.24828759089466, 47.20169488482379, 47.095647357266465, 40.52159917870962, 28.460498941515414, 32.01562118716424, 33.24154027718932, 51.73973328110612, 59.413803110051795, 52.43090691567332, 45.0, 36.76955262170047], [43.01162633521314, 38.27531841800928, 58.137767414994535, 68.0, 82.76472678623425, 50.99019513592785, 39.395431207184416, 38.948684188300895, 36.235341863986875, 44.10215414239989, 31.304951684997057, 26.92582403567252, 23.345235059857504, 20.0, 9.486832980505138, 0.0, 6.4031242374328485, 19.235384061671343, 21.840329667841555, 45.18849411078001, 51.419840528729765, 46.51881339845203, 34.9857113690718, 41.048751503547585, 41.86884283091664, 60.108235708594876, 67.94115100585212, 61.587336360651285, 54.08326913195984, 46.238512086787566], [46.87216658103186, 41.97618372363071, 63.50590523722971, 73.10950690573696, 89.06739021662193, 57.38466694161429, 45.617978911828175, 45.27692569068709, 42.638011210655684, 50.21951811795888, 37.21558813185679, 33.015148038438355, 29.698484809834994, 26.248809496813376, 14.035668847618199, 6.4031242374328485, 0.0, 19.1049731745428, 20.248456731316587, 39.56008088970496, 49.040799340956916, 45.48626166217664, 34.713109915419565, 43.382023926967726, 43.56604182158393, 61.220911460055866, 69.20260110718382, 63.953107821277925, 56.356011214421486, 49.72926703662542], [32.2490309931942, 27.294688127912362, 53.31041174104736, 61.40032573203501, 85.0411665018772, 58.66856057549052, 42.638011210655684, 43.829214001622255, 44.28317965096906, 56.04462507680822, 45.27692569068709, 40.311288741492746, 34.713109915419565, 33.13608305156178, 14.0, 19.235384061671343, 19.1049731745428, 0.0, 5.0, 36.87817782917155, 33.13608305156178, 27.313000567495326, 15.811388300841896, 25.709920264364882, 25.079872407968907, 42.20189569201838, 50.21951811795888, 45.880278987817846, 38.27531841800928, 34.0], [35.90264614203248, 31.04834939252005, 57.697486947006624, 65.45991139621256, 89.9388681271896, 63.631753079732135, 47.634021455258214, 48.82622246293481, 49.193495504995376, 60.728905802755904, 49.64876634922564, 44.721359549995796, 39.293765408777, 37.48332962798263, 18.24828759089466, 21.840329667841555, 20.248456731316587, 5.0, 0.0, 32.01562118716424, 29.614185789921695, 25.238858928247925, 15.0, 28.071337695236398, 26.68332812825267, 42.5440947723653, 50.60632371551998, 47.53945729601885, 40.024992192379, 37.21558813185679], [66.2117814289874, 61.71709649683789, 89.1852005660132, 96.17692030835673, 121.91800523302537, 94.2019108086455, 79.20858539325141, 80.05623023850174, 79.40403012442127, 89.06739021662193, 76.48529270389177, 72.00694410957877, 67.7421582177598, 64.88451279003334, 47.20169488482379, 45.18849411078001, 39.56008088970496, 36.87817782917155, 32.01562118716424, 0.0, 32.28002478313795, 39.01281840626232, 38.600518131237564, 55.97320787662612, 52.88667128870941, 62.00806399170998, 69.18092222571191, 71.449282711585, 64.93843238021688, 66.48308055437865], [47.01063709417264, 44.10215414239989, 70.9365914038728, 75.07329751649384, 107.89810007595129, 87.93179174792243, 70.22819946431775, 72.42237223399962, 74.73285756613352, 87.82368700982668, 78.02563681252464, 73.02739212103907, 67.11929677819934, 66.0, 47.095647357266465, 51.419840528729765, 49.040799340956916, 33.13608305156178, 29.614185789921695, 32.28002478313795, 0.0, 11.313708498984761, 20.8806130178211, 34.828149534535996, 30.479501308256342, 32.01562118716424, 38.2099463490856, 43.46262762420146, 38.58756276314948, 45.27692569068709], [35.805027579936315, 33.12099032335839, 59.665735560705194, 63.7808748764079, 96.79876032264049, 78.10249675906654, 60.166435825965294, 62.5859409132754, 65.49045732013177, 79.1012010022604, 70.25667228100119, 65.27633568147036, 59.135437767890075, 58.54912467321779, 40.52159917870962, 46.51881339845203, 45.48626166217664, 27.313000567495326, 25.238858928247925, 39.01281840626232, 11.313708498984761, 0.0, 12.165525060596439, 23.600847442411894, 19.209372712298546, 23.0, 30.265491900843113, 33.24154027718932, 27.730849247724095, 33.97057550292606], [28.600699292150182, 24.758836806279895, 52.49761899362675, 58.309518948453004, 88.23831367382311, 67.05221845696084, 49.39635614091387, 51.54609587543949, 53.9351462406472, 67.26812023536856, 58.137767414994535, 53.150729063673246, 47.042533945356304, 46.389654018972806, 28.460498941515414, 34.9857113690718, 34.713109915419565, 15.811388300841896, 15.0, 38.600518131237564, 20.8806130178211, 12.165525060596439, 0.0, 17.46424919657298, 14.317821063276353, 27.730849247724095, 35.77708763999664, 34.132096331752024, 27.0, 28.178005607210743], [12.206555615733702, 10.198039027185569, 36.124783736376884, 41.048751503547585, 73.24616030891995, 57.14017850864661, 39.05124837953327, 42.0, 46.389654018972806, 60.8276253029822, 54.78138369920935, 50.15974481593781, 43.86342439892262, 44.77722635447622, 32.01562118716424, 41.048751503547585, 43.382023926967726, 25.709920264364882, 28.071337695236398, 55.97320787662612, 34.828149534535996, 23.600847442411894, 17.46424919657298, 0.0, 4.47213595499958, 21.02379604162864, 28.0178514522438, 20.591260281974, 13.038404810405298, 10.816653826391969], [16.64331697709324, 14.560219778561036, 40.45985664828782, 45.0, 77.69813382572325, 61.29437168288782, 43.18564576337837, 46.04345773288535, 50.15974481593781, 64.4980619863884, 57.87054518492115, 53.14132102234569, 46.8187996428785, 47.4236228055175, 33.24154027718932, 41.86884283091664, 43.56604182158393, 25.079872407968907, 26.68332812825267, 52.88667128870941, 30.479501308256342, 19.209372712298546, 14.317821063276353, 4.47213595499958, 0.0, 18.601075237738275, 26.1725046566048, 20.8806130178211, 13.341664064126334, 14.866068747318506], [29.068883707497267, 29.832867780352597, 48.38388161361178, 48.877397639399746, 86.37708029332781, 76.16429609731846, 58.42088667591412, 61.66036003787198, 66.70832032063167, 81.25269226308751, 75.76938695805846, 71.17583859709698, 64.88451279003334, 65.76473218982953, 51.73973328110612, 60.108235708594876, 61.220911460055866, 42.20189569201838, 42.5440947723653, 62.00806399170998, 32.01562118716424, 23.0, 27.730849247724095, 21.02379604162864, 18.601075237738275, 0.0, 8.06225774829855, 12.727922061357855, 12.165525060596439, 25.0], [34.20526275297414, 35.84689665786984, 50.635955604688654, 49.39635614091387, 88.05679985100527, 80.89499366462674, 63.56099432828282, 66.94027188471824, 72.42237223399962, 86.97700845625813, 82.29216244576394, 77.82673062643708, 71.58910531638176, 72.71863585079137, 59.413803110051795, 67.94115100585212, 69.20260110718382, 50.21951811795888, 50.60632371551998, 69.18092222571191, 38.2099463490856, 30.265491900843113, 35.77708763999664, 28.0178514522438, 26.1725046566048, 8.06225774829855, 0.0, 13.152946437965905, 16.76305461424021, 29.832867780352597], [22.825424421026653, 25.612496949731394, 37.48332962798263, 36.6742416417845, 75.0, 68.4470598345904, 51.54609587543949, 55.02726596879042, 60.92618484691127, 75.39230729988306, 71.8679344353238, 67.67569726275453, 61.61168720299745, 63.25345840347388, 52.43090691567332, 61.587336360651285, 63.953107821277925, 45.880278987817846, 47.53945729601885, 71.449282711585, 43.46262762420146, 33.24154027718932, 34.132096331752024, 20.591260281974, 20.8806130178211, 12.727922061357855, 13.152946437965905, 0.0, 7.615773105863909, 18.35755975068582], [17.46424919657298, 19.235384061671343, 36.40054944640259, 37.8021163428716, 74.46475676452586, 64.38167441127949, 46.87216658103186, 50.21951811795888, 55.65968020030299, 70.21395872616783, 65.76473218982953, 61.40032573203501, 55.226805085936306, 56.61271941887264, 45.0, 54.08326913195984, 56.356011214421486, 38.27531841800928, 40.024992192379, 64.93843238021688, 38.58756276314948, 27.730849247724095, 27.0, 13.038404810405298, 13.341664064126334, 12.165525060596439, 16.76305461424021, 7.615773105863909, 0.0, 13.152946437965905], [4.47213595499958, 8.06225774829855, 25.80697580112788, 30.23243291566195, 63.52952069707436, 51.24451190127583, 33.734255586866, 37.107950630558946, 42.720018726587654, 57.245087125446844, 53.53503525729669, 49.4064773081425, 43.41658669218482, 45.27692569068709, 36.76955262170047, 46.238512086787566, 49.72926703662542, 34.0, 37.21558813185679, 66.48308055437865, 45.27692569068709, 33.97057550292606, 28.178005607210743, 10.816653826391969, 14.866068747318506, 25.0, 29.832867780352597, 18.35755975068582, 13.152946437965905, 0.0]]\n"
     ]
    }
   ],
   "source": [
    "distance_matrix = create_distnce_matrix(\"tsp.txt\")\n",
    "print(distance_matrix)"
   ]
  },
  {
   "cell_type": "markdown",
   "metadata": {},
   "source": [
    "## running optimizer on data set"
   ]
  },
  {
   "cell_type": "code",
   "execution_count": 3,
   "metadata": {},
   "outputs": [],
   "source": [
    "best_individual, best_fitness_list, avg_fitness_list= run_algorithm(distance_matrix, population_size=30, generation_size=30)"
   ]
  },
  {
   "cell_type": "markdown",
   "metadata": {},
   "source": [
    "## visualization"
   ]
  },
  {
   "cell_type": "code",
   "execution_count": null,
   "metadata": {},
   "outputs": [
    {
     "name": "stdout",
     "output_type": "stream",
     "text": [
      "[22, 24, 23, 25, 26, 27, 28, 29, 1, 0, 2, 3, 4, 5, 6, 7, 8, 9, 10, 11, 12, 13, 14, 15, 16, 17, 18, 19, 20, 21]\n"
     ]
    },
    {
     "data": {
